                                 [48;5;16;38;5;16m████[49;39m                                                              [00m
                               [48;5;16;38;5;16m██[48;5;100;38;5;100m████[48;5;16;38;5;16m██[49;39m                                                            [00m
                               [48;5;16;38;5;16m██[48;5;100;38;5;100m████[48;5;16;38;5;16m██[49;39m                                                            [00m
                             [48;5;16;38;5;16m████[48;5;100;38;5;100m██[48;5;184;38;5;184m██[48;5;16;38;5;16m██[49;39m                                                            [00m
                             [48;5;16;38;5;16m██[48;5;184;38;5;184m██[48;5;226;38;5;226m████[48;5;16;38;5;16m████[49;39m                                                          [00m
                           [48;5;16;38;5;16m████[48;5;184;38;5;184m██[48;5;226;38;5;226m██████[48;5;16;38;5;16m██[49;39m                                                          [00m
                           [48;5;16;38;5;16m██[48;5;184;38;5;184m██[48;5;226;38;5;226m████████[48;5;16;38;5;16m██[49;39m                                                          [00m
     [48;5;16;38;5;16m██████[49;39m                [48;5;16;38;5;16m████████[48;5;226;38;5;226m██[48;5;16;38;5;16m██████[49;39m                [48;5;16;38;5;16m██████[49;39m        [48;5;52;38;5;52m██████[48;5;94;38;5;94m██[49;39m                  [00m
   [48;5;16;38;5;16m██[48;5;231;38;5;231m████[48;5;16;38;5;16m████[49;39m            [48;5;16;38;5;16m████[48;5;231;38;5;231m██████[48;5;16;38;5;16m██[48;5;231;38;5;231m██████[48;5;16;38;5;16m██[49;39m            [48;5;16;38;5;16m████[48;5;231;38;5;231m████[48;5;16;38;5;16m██[49;39m  [48;5;52;38;5;52m████[48;5;204;38;5;204m██[48;5;179;38;5;179m██[48;5;222;38;5;222m██[48;5;204;38;5;204m██[48;5;52;38;5;52m████[49;39m              [00m
   [48;5;16;38;5;16m██[48;5;231;38;5;231m██████[48;5;16;38;5;16m██[49;39m            [48;5;16;38;5;16m████[48;5;231;38;5;231m██[48;5;16;38;5;16m██[48;5;231;38;5;231m██[48;5;16;38;5;16m██[48;5;231;38;5;231m██[48;5;16;38;5;16m██[48;5;231;38;5;231m██[48;5;16;38;5;16m██[49;39m            [48;5;16;38;5;16m██[48;5;231;38;5;231m██████[48;5;16;38;5;16m██[48;5;52;38;5;52m██[48;5;125;38;5;125m██[48;5;204;38;5;204m██[48;5;179;38;5;179m██[48;5;231;38;5;231m████[48;5;179;38;5;179m██[48;5;204;38;5;204m██[48;5;125;38;5;125m██[48;5;52;38;5;52m██[49;39m            [00m
   [48;5;16;38;5;16m██[48;5;231;38;5;231m████[48;5;16;38;5;16m████[49;39m            [48;5;16;38;5;16m████[48;5;231;38;5;231m██████[48;5;16;38;5;16m██[48;5;231;38;5;231m██████[48;5;16;38;5;16m██[49;39m            [48;5;16;38;5;16m████[48;5;231;38;5;231m████[48;5;16;38;5;16m██[48;5;125;38;5;125m██[48;5;204;38;5;204m██[48;5;16;38;5;16m████████████[48;5;204;38;5;204m██[48;5;125;38;5;125m██[48;5;52;38;5;52m██[49;39m          [00m
     [48;5;16;38;5;16m██████[48;5;58;38;5;58m██[49;39m            [48;5;16;38;5;16m██[48;5;184;38;5;184m██[48;5;16;38;5;16m██████[48;5;226;38;5;226m██[48;5;16;38;5;16m██████[49;39m              [48;5;58;38;5;58m██[48;5;16;38;5;16m██████[48;5;52;38;5;52m██[48;5;125;38;5;125m██[48;5;16;38;5;16m████████████████[48;5;125;38;5;125m██[48;5;52;38;5;52m██[49;39m          [00m
           [48;5;58;38;5;58m██████[49;39m        [48;5;16;38;5;16m████[48;5;100;38;5;100m██[48;5;226;38;5;226m██████████[48;5;16;38;5;16m██[49;39m          [48;5;58;38;5;58m██████[49;39m      [48;5;52;38;5;52m██[48;5;16;38;5;16m████████████████████[48;5;52;38;5;52m██[49;39m          [00m
               [48;5;58;38;5;58m██████[49;39m    [48;5;16;38;5;16m████[48;5;196;38;5;196m██[48;5;16;38;5;16m████████████[49;39m      [48;5;58;38;5;58m██████[49;39m          [48;5;52;38;5;52m██[48;5;16;38;5;16m████[48;5;231;38;5;231m████[48;5;210;38;5;210m████[48;5;231;38;5;231m████[48;5;16;38;5;16m████[48;5;52;38;5;52m██[49;39m          [00m
                   [48;5;58;38;5;58m████[49;39m  [48;5;16;38;5;16m██[48;5;184;38;5;184m██[48;5;16;38;5;16m██[48;5;196;38;5;196m██████████[48;5;16;38;5;16m██[49;39m  [48;5;58;38;5;58m██████[49;39m      [48;5;94;38;5;94m██████[48;5;210;38;5;210m██[48;5;16;38;5;16m██[48;5;210;38;5;210m██[48;5;224;38;5;224m██[48;5;231;38;5;231m██[48;5;16;38;5;16m██[48;5;224;38;5;224m████[48;5;16;38;5;16m██[48;5;231;38;5;231m██[48;5;224;38;5;224m██[48;5;210;38;5;210m██[48;5;16;38;5;16m██[48;5;210;38;5;210m██[48;5;94;38;5;94m██████[49;39m  [00m
                     [48;5;58;38;5;58m████[48;5;16;38;5;16m██[48;5;184;38;5;184m██[48;5;226;38;5;226m██[48;5;16;38;5;16m██[48;5;196;38;5;196m██████[48;5;16;38;5;16m████[48;5;58;38;5;58m████[49;39m        [48;5;94;38;5;94m██[48;5;231;38;5;231m████[48;5;210;38;5;210m██[48;5;94;38;5;94m██[48;5;16;38;5;16m██[48;5;224;38;5;224m████[48;5;231;38;5;231m██[48;5;16;38;5;16m██[48;5;224;38;5;224m████[48;5;16;38;5;16m██[48;5;231;38;5;231m██[48;5;224;38;5;224m████[48;5;16;38;5;16m██[48;5;94;38;5;94m██[48;5;210;38;5;210m██[48;5;231;38;5;231m████[48;5;94;38;5;94m██[49;39m[00m
                         [48;5;16;38;5;16m██[48;5;184;38;5;184m██[48;5;226;38;5;226m████[48;5;16;38;5;16m██████[48;5;226;38;5;226m██[48;5;16;38;5;16m██[49;39m            [48;5;94;38;5;94m██[48;5;231;38;5;231m████[48;5;210;38;5;210m██[48;5;94;38;5;94m██[48;5;16;38;5;16m████[48;5;224;38;5;224m██[48;5;210;38;5;210m██[48;5;224;38;5;224m████████[48;5;210;38;5;210m██[48;5;224;38;5;224m██[48;5;16;38;5;16m████[48;5;94;38;5;94m██[48;5;210;38;5;210m██[48;5;231;38;5;231m████[48;5;94;38;5;94m██[49;39m[00m
                         [48;5;16;38;5;16m██[48;5;184;38;5;184m████[48;5;226;38;5;226m██████████[48;5;16;38;5;16m██[49;39m            [48;5;94;38;5;94m██[48;5;231;38;5;231m████[48;5;94;38;5;94m██[48;5;210;38;5;210m██[48;5;16;38;5;16m██[48;5;224;38;5;224m██[48;5;16;38;5;16m████[48;5;210;38;5;210m████████[48;5;16;38;5;16m████[48;5;224;38;5;224m██[48;5;16;38;5;16m██[48;5;210;38;5;210m██[48;5;94;38;5;94m██[48;5;231;38;5;231m████[48;5;94;38;5;94m██[49;39m[00m
                         [48;5;16;38;5;16m██[48;5;184;38;5;184m████[48;5;226;38;5;226m██████████[48;5;16;38;5;16m██[49;39m            [48;5;94;38;5;94m██[48;5;231;38;5;231m██[48;5;94;38;5;94m██[48;5;231;38;5;231m██[48;5;94;38;5;94m████[48;5;224;38;5;224m██[48;5;16;38;5;16m████████████████[48;5;224;38;5;224m██[48;5;94;38;5;94m████[48;5;231;38;5;231m██[48;5;94;38;5;94m██[48;5;231;38;5;231m██[48;5;94;38;5;94m██[49;39m[00m
                         [48;5;16;38;5;16m████[48;5;184;38;5;184m██[48;5;226;38;5;226m██████████[48;5;16;38;5;16m██[49;39m              [48;5;94;38;5;94m██████[48;5;204;38;5;204m████[48;5;94;38;5;94m██[48;5;224;38;5;224m██[48;5;16;38;5;16m████████████[48;5;224;38;5;224m██[48;5;94;38;5;94m██[48;5;204;38;5;204m████[48;5;94;38;5;94m██████[49;39m  [00m
                           [48;5;16;38;5;16m██[48;5;184;38;5;184m██[48;5;226;38;5;226m██████████[48;5;16;38;5;16m██[49;39m                [48;5;52;38;5;52m██[48;5;125;38;5;125m████[48;5;204;38;5;204m██[48;5;94;38;5;94m████[48;5;210;38;5;210m████████████[48;5;94;38;5;94m████[48;5;204;38;5;204m██[48;5;125;38;5;125m████[48;5;52;38;5;52m██[49;39m    [00m
                           [48;5;16;38;5;16m██[48;5;184;38;5;184m████[48;5;226;38;5;226m████████[48;5;16;38;5;16m██[49;39m                  [48;5;52;38;5;52m██[48;5;125;38;5;125m████[48;5;94;38;5;94m████████████████████[48;5;125;38;5;125m████[48;5;52;38;5;52m██[49;39m      [00m
                           [48;5;16;38;5;16m████[48;5;184;38;5;184m██[48;5;226;38;5;226m████████[48;5;16;38;5;16m██[49;39m                    [48;5;52;38;5;52m██[48;5;125;38;5;125m████[48;5;204;38;5;204m██[48;5;94;38;5;94m██[48;5;31;38;5;31m██[48;5;125;38;5;125m████[48;5;31;38;5;31m██[48;5;94;38;5;94m██[48;5;204;38;5;204m██[48;5;125;38;5;125m████[48;5;52;38;5;52m██[49;39m        [00m
                             [48;5;16;38;5;16m██[48;5;184;38;5;184m████[48;5;226;38;5;226m██████[48;5;16;38;5;16m██[49;39m                      [48;5;52;38;5;52m██[48;5;125;38;5;125m██[48;5;204;38;5;204m██[48;5;94;38;5;94m██[48;5;116;38;5;116m██[48;5;52;38;5;52m████[48;5;116;38;5;116m██[48;5;94;38;5;94m██[48;5;204;38;5;204m██[48;5;125;38;5;125m██[48;5;52;38;5;52m██[49;39m          [00m
                             [48;5;16;38;5;16m████[48;5;184;38;5;184m████[48;5;226;38;5;226m████[48;5;16;38;5;16m██[49;39m                      [48;5;52;38;5;52m██[48;5;125;38;5;125m██[48;5;94;38;5;94m██[48;5;116;38;5;116m████████████[48;5;94;38;5;94m██[48;5;125;38;5;125m██[48;5;52;38;5;52m██[49;39m          [00m
                               [48;5;16;38;5;16m████[48;5;184;38;5;184m██[48;5;16;38;5;16m██████[49;39m                      [48;5;60;38;5;60m██[48;5;52;38;5;52m██[48;5;231;38;5;231m████[48;5;116;38;5;116m████████[48;5;231;38;5;231m████[48;5;52;38;5;52m██[48;5;60;38;5;60m██[49;39m          [00m
                               [48;5;58;38;5;58m██[48;5;16;38;5;16m████████[49;39m                        [48;5;60;38;5;60m████[48;5;231;38;5;231m████[48;5;116;38;5;116m████████[48;5;231;38;5;231m████[48;5;60;38;5;60m████[49;39m          [00m
                               [48;5;58;38;5;58m██[49;39m      [48;5;58;38;5;58m██[49;39m                        [48;5;60;38;5;60m██[48;5;31;38;5;31m██[48;5;116;38;5;116m████████████████[48;5;31;38;5;31m██[48;5;60;38;5;60m██[49;39m          [00m
                             [48;5;58;38;5;58m████[49;39m      [48;5;58;38;5;58m████[49;39m                      [48;5;60;38;5;60m██[48;5;31;38;5;31m██[48;5;116;38;5;116m████████████████[48;5;31;38;5;31m██[48;5;60;38;5;60m██[49;39m          [00m
                             [48;5;58;38;5;58m██[49;39m          [48;5;58;38;5;58m██[49;39m                      [48;5;60;38;5;60m██[48;5;31;38;5;31m██[48;5;116;38;5;116m████[48;5;31;38;5;31m████████[48;5;116;38;5;116m████[48;5;31;38;5;31m██[48;5;60;38;5;60m██[49;39m          [00m
                             [48;5;58;38;5;58m██[49;39m          [48;5;58;38;5;58m██[49;39m                      [48;5;60;38;5;60m██[48;5;31;38;5;31m██████[48;5;60;38;5;60m████████[48;5;31;38;5;31m██████[48;5;60;38;5;60m██[49;39m          [00m
                       [48;5;16;38;5;16m██████████[49;39m      [48;5;16;38;5;16m██████████[49;39m                  [48;5;60;38;5;60m████████[49;39m    [48;5;60;38;5;60m████████[49;39m            [00m
                   [48;5;16;38;5;16m████[48;5;231;38;5;231m████████[48;5;16;38;5;16m██[49;39m      [48;5;16;38;5;16m██[48;5;231;38;5;231m████████[48;5;16;38;5;16m████[49;39m            [48;5;16;38;5;16m██[48;5;94;38;5;94m██████[48;5;16;38;5;16m██[49;39m    [48;5;16;38;5;16m██[48;5;94;38;5;94m██████[48;5;16;38;5;16m██[49;39m          [00m
                   [48;5;16;38;5;16m██[48;5;231;38;5;231m████████[48;5;16;38;5;16m████[49;39m      [48;5;16;38;5;16m████[48;5;231;38;5;231m████████[48;5;16;38;5;16m██[49;39m          [48;5;16;38;5;16m██[48;5;224;38;5;224m██[48;5;94;38;5;94m██████[48;5;16;38;5;16m██[49;39m    [48;5;16;38;5;16m██[48;5;94;38;5;94m██████[48;5;224;38;5;224m██[48;5;16;38;5;16m██[49;39m        [00m
                   [48;5;16;38;5;16m██████████[49;39m              [48;5;16;38;5;16m██████████[49;39m          [48;5;16;38;5;16m██████████[49;39m        [48;5;16;38;5;16m██████████[49;39m        [00m
                                                                                                   [00m
