


			       [48;5;22;38;5;22m█[48;5;22;38;5;22m█[48;5;231;38;5;231m█[48;5;231m▄[48;5;253;38;5;239m▄[48;5;22;38;5;22m▄[49;39m     [00m
		      [38;5;16m▄▄▄[39m   [38;5;239m▄[38;5;231m▄[48;5;22;38;5;22m▄[38;5;22m█[48;5;22;38;5;22m█[48;5;231;38;5;231m██[48;5;16;38;5;249m▄[48;5;22;38;5;22m▄[48;5;210;38;5;210m▄[49;38;5;209m▄▄▄[39m [00m
		[38;5;16m▄▄▄[48;5;16m█████████[48;5;240;38;5;240m▄[48;5;231;38;5;231m█[48;5;22;38;5;22m▄[48;5;22;38;5;22m█[48;5;22m▄[48;5;22m▄[48;5;108;38;5;22m▄[48;5;22;38;5;22m▄[48;5;22;38;5;22m█[48;5;210;38;5;210m█[48;5;209;38;5;209m▄▄[48;5;209m▄[49m▀[39m[00m
	   [38;5;16m▄[48;5;16;38;5;16m▄[38;5;16m███████████████[48;5;237;38;5;16m▄[48;5;247;38;5;16m▄[48;5;108;38;5;108m▄[49;38;5;22m▀▀▀▀[38;5;22m▀[39m      [00m
	     [38;5;102m▀[48;5;234;38;5;231m▄[48;5;16;38;5;16m▄[48;5;16;38;5;16m▄[38;5;16m██[38;5;16m▄[38;5;16m█████[48;5;16;38;5;16m▄[48;5;16;38;5;231m▄[49;38;5;16m▀[39m [38;5;16m▀[39m            [00m
	      [38;5;231m▀[48;5;247;38;5;231m▄[48;5;145;38;5;231m▄[48;5;16;38;5;231m▄▄[48;5;242;38;5;246m▄[48;5;16;38;5;16m▄[48;5;16;38;5;16m████[48;5;16m▄[49;39m                [00m
		[38;5;231m▀[38;5;231m▀[48;5;231;38;5;203m▄[48;5;254;38;5;255m▄[48;5;251;38;5;231m▄[48;5;16;38;5;16m█[48;5;16;38;5;16m████[49m▄[39m               [00m
	       [48;5;209;38;5;209m▄[48;5;209m█[48;5;209;38;5;209m▄[48;5;209;38;5;209m▄[49;38;5;209m▀[39m [48;5;16;38;5;102m▄[48;5;16;38;5;16m█████[49;39m               [00m
	       [38;5;209m▀[48;5;209;38;5;209m▄[49;38;5;209m▀[39m   [48;5;244;38;5;231m▄[48;5;16;38;5;16m▄[38;5;240m▄[38;5;16m▄▄[38;5;16m▄[49;38;5;16m▄[39m              [00m
		      [38;5;231m▀▀[48;5;16;38;5;248m▄[48;5;253;38;5;231m▄[48;5;16;38;5;16m█[48;5;16;38;5;16m█[49;39m              [00m
			  [38;5;252m▀[38;5;16m▀[38;5;16m▀[39m             [00m
					  [00m
