
   [48;5;199;38;5;199m██████████████████████████████████████████████████[49;39m[00m
   [48;5;199;38;5;199m██████████████████████████████████████████████████[49;39m[00m
   [48;5;199;38;5;199m██████████████████████████████████████████████████[49;39m[00m
   [48;5;199;38;5;199m██████████████████████████████████████████████████[49;39m[00m
   [48;5;199;38;5;199m██████████████████████████████████████████████████[49;39m[00m
   [48;5;199;38;5;199m██████████████████████████████████████████████████[49;39m[00m
   [48;5;199;38;5;199m██████████████████████████████████████████████████[49;39m[00m
   [48;5;199;38;5;199m██████████████████████████████████████████████████[49;39m[00m
   [48;5;199;38;5;199m██████████████████████████████████████████████████[49;39m[00m
   [48;5;199;38;5;199m██████████████████████████████████████████████████[49;39m[00m
   [48;5;199;38;5;199m█████████████████████[38;5;16m▄▄▄▄▄▄▄[48;5;16;38;5;223m▄▄[38;5;223m▄[38;5;223m▄[38;5;223m▄▄▄▄▄▄[48;5;199;38;5;16m▄▄▄▄▄[38;5;199m███████[49;39m[00m
   [48;5;199;38;5;199m█████████████[38;5;16m▄▄▄[48;5;16;38;5;216m▄[38;5;216m▄[38;5;223m▄[38;5;223m▄[38;5;223m▄[48;5;223;38;5;231m▄[38;5;223m▄[48;5;223;38;5;223m▄[38;5;231m▄▄[48;5;223m▄[48;5;223;38;5;223m▄[38;5;231m▄[38;5;223m█[38;5;231m▄[38;5;223m▄[48;5;223;38;5;223m▄▄▄▄[38;5;231m▄[48;5;223;38;5;223m▄[48;5;223;38;5;223m▄[48;5;223;38;5;223m▄[38;5;223m▄[48;5;216;38;5;223m▄[48;5;216;38;5;223m▄[48;5;16;38;5;216m▄[48;5;199;38;5;16m▄[38;5;199m█████[49;39m[00m
   [48;5;199;38;5;199m████████[38;5;16m▄▄[48;5;16;38;5;216m▄[38;5;216m▄[38;5;210m▄[48;5;216;38;5;216m▄[48;5;216;38;5;216m▄[48;5;216;38;5;216m▄[48;5;216;38;5;216m▄[48;5;223m▄[48;5;223m▄[48;5;223;38;5;216m▄[48;5;223;38;5;223m▄[48;5;223;38;5;223m▄[48;5;223;38;5;223m▄[48;5;223;38;5;216m▄[38;5;223m▄[38;5;223m▄[38;5;223m▄[48;5;223m▄[48;5;223;38;5;223m▄[38;5;223m▄[48;5;223m▄[48;5;223m▄[48;5;223;38;5;223m▄[48;5;223;38;5;223m▄[48;5;223m▄[48;5;223;38;5;223m▄[48;5;223m▄[48;5;223;38;5;223m▄[48;5;223;38;5;223m█[38;5;223m▄▄▄[38;5;223m▄[48;5;223;38;5;223m▄[48;5;216;38;5;216m▄[48;5;16;38;5;16m█[48;5;199;38;5;199m████[49;39m[00m
   [48;5;199;38;5;199m█████[38;5;16m▄[48;5;16;38;5;216m▄[38;5;216m▄[48;5;216;38;5;216m▄[38;5;216m▄[48;5;223;38;5;216m▄[48;5;223;38;5;216m▄[48;5;216;38;5;216m▄[48;5;209;38;5;216m▄[38;5;16m▄[48;5;216;38;5;209m▄[48;5;216;38;5;216m▄[48;5;216;38;5;216m▄[48;5;216;38;5;216m▄[48;5;216;38;5;216m▄[48;5;216;38;5;216m▄[38;5;223m▄[48;5;216;38;5;223m▄[48;5;216;38;5;223m▄[48;5;216;38;5;216m▄[48;5;223;38;5;216m▄[48;5;223m▄[48;5;223;38;5;223m█[38;5;216m▄[48;5;223;38;5;216m▄[48;5;223m▄▄[48;5;216;38;5;223m▄[48;5;216;38;5;223m▄[48;5;223;38;5;223m█[48;5;223;38;5;223m▄[48;5;223;38;5;216m▄[48;5;223;38;5;216m▄[38;5;223m▄[48;5;223;38;5;223m▄[48;5;223;38;5;223m▄[48;5;223m▄[48;5;223;38;5;223m▄[48;5;223;38;5;223m▄[48;5;223;38;5;223m▄[48;5;216;38;5;216m▄[48;5;16;38;5;16m█[48;5;199;38;5;199m███[49;39m[00m
   [48;5;199;38;5;199m███[38;5;16m▄[48;5;16;38;5;216m▄[48;5;216m█[48;5;216;38;5;216m▄[48;5;216m███[48;5;216;38;5;216m█[48;5;216;38;5;216m█[48;5;216;38;5;223m▄[48;5;216;38;5;223m▄[48;5;216;38;5;216m▄[48;5;16;38;5;216m▄[48;5;209;38;5;16m▄[48;5;216;38;5;209m▄[48;5;216;38;5;216m▄[48;5;209;38;5;209m█[48;5;216;38;5;210m▄[48;5;216;38;5;216m▄▄[48;5;223;38;5;216m▄[48;5;223m▄[48;5;223m▄[48;5;216;38;5;223m▄[48;5;216;38;5;223m▄[48;5;223;38;5;216m▄[48;5;223;38;5;216m▄[48;5;223;38;5;223m▄[48;5;216;38;5;223m▄[48;5;223;38;5;216m▄[48;5;223;38;5;216m▄[48;5;223m▄[48;5;223;38;5;216m▄[48;5;223;38;5;216m▄[48;5;216;38;5;216m▄[48;5;216;38;5;216m▄[48;5;223;38;5;216m▄[48;5;216;38;5;216m▄[48;5;216;38;5;216m▄[48;5;223;38;5;223m▄[48;5;223;38;5;223m▄[48;5;223m▄[48;5;216;38;5;216m▄[48;5;16;38;5;16m█[48;5;199;38;5;199m███[49;39m[00m
   [48;5;199;38;5;199m██[48;5;16;38;5;16m█[48;5;216;38;5;167m▄[38;5;210m▄[48;5;216;38;5;167m▄[48;5;209;38;5;209m█[48;5;216;38;5;216m▄[38;5;216m▄[48;5;216;38;5;223m▄[48;5;223;38;5;216m▄[48;5;231;38;5;216m▄[48;5;223m▄[48;5;216;38;5;216m▄[48;5;216;38;5;209m▄[48;5;209;38;5;209m▄[48;5;16;38;5;16m█[48;5;209;38;5;209m▄[48;5;210;38;5;167m▄[48;5;209;38;5;167m▄[38;5;209m█[48;5;209;38;5;167m▄[48;5;210;38;5;209m▄[48;5;216m▄[38;5;209m▄[48;5;210m▄[48;5;216m▄[48;5;216;38;5;210m▄[48;5;216;38;5;216m▄[48;5;216;38;5;216m█[38;5;209m▄[48;5;216m▄[48;5;216;38;5;209m▄[48;5;216m▄[48;5;216;38;5;216m▄[48;5;216;38;5;216m▄[48;5;216;38;5;216m▄[48;5;216;38;5;216m▄[48;5;216;38;5;16m▄[38;5;216m▄[48;5;223;38;5;216m▄[38;5;223m▄[48;5;223;38;5;223m▄[48;5;223;38;5;223m▄[48;5;223;38;5;223m▄[48;5;216;38;5;216m▄[48;5;16;38;5;16m█[48;5;199;38;5;199m███[49;39m[00m
   [48;5;199;38;5;199m██[48;5;16m▄[48;5;167;38;5;16m▄[48;5;209;38;5;167m▄[48;5;16;38;5;16m█[48;5;209;38;5;167m▄[48;5;216;38;5;209m▄[48;5;216m▄[48;5;216m▄[48;5;216m▄[48;5;216;38;5;209m▄[48;5;216;38;5;167m▄[48;5;209;38;5;167m▄[48;5;167;38;5;16m▄[48;5;16m█[48;5;167m▄[48;5;167m▄[48;5;16;38;5;199m▄▄▄▄▄▄▄▄▄▄[38;5;16m█[38;5;209m▄[38;5;167m▄[38;5;209m▄[38;5;209m▄[38;5;167m▄▄▄[38;5;209m▄[38;5;210m▄[48;5;209;38;5;216m▄[48;5;216;38;5;216m▄[48;5;216;38;5;223m▄[48;5;223;38;5;223m▄[48;5;223;38;5;223m▄[48;5;223;38;5;223m▄[48;5;223m▄[48;5;223;38;5;223m▄[48;5;16;38;5;16m█[48;5;199;38;5;199m███[49;39m[00m
   [48;5;199;38;5;199m████[48;5;16m▄▄[48;5;167;38;5;16m▄[48;5;167m▄[48;5;167m▄▄▄▄[48;5;16;38;5;199m▄▄[48;5;199m██████████████[48;5;16;38;5;16m█[48;5;210;38;5;210m██[48;5;209;38;5;209m▄[48;5;209m█[48;5;209m▄▄[48;5;209;38;5;209m▄[48;5;210;38;5;216m▄[48;5;216;38;5;216m▄[48;5;216;38;5;216m▄[48;5;216;38;5;216m▄[48;5;223;38;5;223m▄[48;5;223;38;5;223m▄[48;5;223;38;5;223m█[48;5;231;38;5;223m▄[48;5;223m█[48;5;223;38;5;223m█[48;5;16;38;5;16m█[48;5;199;38;5;199m███[49;39m[00m
   [48;5;199;38;5;199m████████████████████████████[48;5;16;38;5;16m█[48;5;216;38;5;216m█[48;5;210;38;5;210m█[48;5;209;38;5;209m█[48;5;209;38;5;209m▄[48;5;209m█[48;5;210;38;5;210m█[48;5;216m▄[48;5;216;38;5;216m▄[48;5;216;38;5;216m▄[48;5;216;38;5;216m▄[48;5;223;38;5;223m▄[48;5;223;38;5;223m▄[48;5;223;38;5;223m▄[48;5;223;38;5;223m█[48;5;231;38;5;223m▄[48;5;223;38;5;223m▄[48;5;216;38;5;216m▄[48;5;16;38;5;16m█[48;5;199;38;5;199m███[49;39m[00m
   [48;5;199;38;5;199m█████████████████████████████[48;5;16;38;5;16m█[48;5;216;38;5;216m▄[48;5;210m▄[38;5;210m█[48;5;209;38;5;209m▄[48;5;210;38;5;209m▄[48;5;216;38;5;216m▄[48;5;216m█[48;5;216;38;5;216m▄[48;5;216;38;5;216m▄[48;5;223;38;5;216m▄[38;5;223m▄[48;5;223;38;5;223m▄[48;5;223;38;5;223m▄[48;5;223;38;5;216m▄[48;5;216;38;5;216m▄[48;5;16;38;5;16m█[48;5;199;38;5;199m████[49;39m[00m
   [48;5;199;38;5;199m██████████████████████████████[48;5;16m▄[48;5;216;38;5;16m▄▄[48;5;210;38;5;216m▄[38;5;216m▄[48;5;216;38;5;210m▄[38;5;216m▄[48;5;216;38;5;216m▄[48;5;216;38;5;216m▄[48;5;223m▄[48;5;223;38;5;216m▄[48;5;216;38;5;216m█[48;5;216;38;5;216m▄[48;5;216;38;5;16m▄[48;5;16;38;5;199m▄[48;5;199m█████[49;39m[00m
   [48;5;199;38;5;199m█████████████████████████████████[48;5;16m▄▄▄[48;5;216;38;5;16m▄[48;5;216m▄▄▄▄[48;5;16;38;5;199m▄▄[48;5;199m███████[49;39m[00m
   [48;5;199;38;5;199m██████████████████████████████████████████████████[49;39m[00m
   [48;5;199;38;5;199m██████████████████████████████████████████████████[49;39m[00m
   [48;5;199;38;5;199m██████████████████████████████████████████████████[49;39m[00m
                                                     [00m
