                                                       [00m
                                                       [00m
                                                       [00m
                                                [00m
                    [38;5;233m▄[38;5;232m▄[38;5;234m▄[38;5;233m▄▄▄[38;5;16m▄[38;5;234m▄▄[38;5;233m▄[39m                  [00m
                [38;5;232m▄[38;5;233m▄[48;5;232;38;5;234m▄[48;5;233;38;5;94m▄[48;5;233;38;5;130m▄[48;5;233;38;5;202m▄[48;5;234m▄[48;5;235;38;5;202m▄[48;5;58;38;5;202m▄[48;5;94;38;5;203m▄[48;5;95;38;5;203m▄[38;5;203m▄[48;5;236;38;5;203m▄[48;5;234;38;5;204m▄[48;5;233;38;5;204m▄[48;5;232;38;5;131m▄[48;5;233;38;5;95m▄[48;5;232;38;5;234m▄[49;38;5;232m▄[38;5;16m▄[39m             [00m
            [38;5;233m▄[38;5;16m▄[48;5;232;38;5;234m▄[48;5;233;38;5;130m▄[48;5;234;38;5;208m▄[48;5;130;38;5;202m▄[48;5;208m▄[38;5;202m▄[48;5;202;38;5;202m▄[48;5;202;38;5;203m▄[48;5;202m▄[48;5;203;38;5;203m▄[38;5;203m▄[48;5;203;38;5;204m▄[48;5;203;38;5;204m▄[48;5;204;38;5;204m▄[48;5;204;38;5;204m▄[48;5;204;38;5;198m▄[48;5;204m▄[48;5;198;38;5;162m▄[48;5;162;38;5;162m▄▄[48;5;168;38;5;162m▄[48;5;236m▄[48;5;232;38;5;132m▄[48;5;232;38;5;234m▄[49;38;5;232m▄[38;5;233m▄[39m         [00m
          [38;5;232m▄[48;5;232;38;5;233m▄[48;5;233;38;5;88m▄[48;5;94;38;5;202m▄[48;5;166m▄[48;5;208;38;5;202m▄[48;5;202m▄[48;5;202;38;5;203m▄[38;5;203m▄[48;5;203;38;5;203m▄[48;5;203;38;5;203m▄[48;5;203;38;5;204m▄[48;5;203;38;5;204m▄[48;5;204;38;5;204m▄[48;5;204;38;5;204m▄[48;5;204;38;5;198m▄[48;5;204;38;5;162m▄[48;5;198m▄[48;5;162;38;5;162m▄▄[38;5;162m▄[48;5;162m▄[48;5;162;38;5;126m▄[38;5;132m▄[48;5;126;38;5;126m▄[48;5;132;38;5;132m▄▄[48;5;132;38;5;96m▄[48;5;236;38;5;96m▄[48;5;232;38;5;238m▄[48;5;232;38;5;232m▄[49;38;5;232m▄[39m       [00m
        [38;5;232m▄[48;5;232;38;5;233m▄[48;5;233;38;5;130m▄[48;5;130;38;5;202m▄[48;5;202m▄[48;5;202;38;5;203m▄[38;5;203m▄[48;5;203;38;5;203m▄[48;5;203;38;5;203m▄[48;5;203;38;5;204m▄[48;5;203;38;5;204m▄[48;5;204;38;5;95m▄[48;5;204m▄[48;5;204;38;5;168m▄[48;5;204;38;5;162m▄[48;5;198m▄[48;5;162;38;5;162m▄[38;5;168m▄[48;5;162;38;5;162m▄[38;5;126m▄[48;5;162m▄[38;5;132m▄[48;5;126;38;5;126m▄[48;5;132;38;5;238m▄[48;5;126;38;5;238m▄[48;5;132;38;5;96m▄[48;5;96;38;5;96m▄[38;5;96m▄[48;5;96m▄[48;5;96;38;5;97m▄[38;5;97m▄[48;5;97m▄[48;5;60;38;5;67m▄[48;5;232;38;5;60m▄[48;5;233;38;5;233m▄[49;38;5;232m▄[39m     [00m
       [48;5;233;38;5;232m▄[48;5;232;38;5;235m▄[48;5;88;38;5;203m▄[48;5;202;38;5;203m▄[48;5;203;38;5;203m▄[48;5;203;38;5;203m▄[48;5;203;38;5;204m▄[48;5;203;38;5;204m▄[48;5;204;38;5;204m▄[48;5;204;38;5;204m▄[48;5;204;38;5;162m▄[48;5;168;38;5;236m▄[48;5;232;38;5;16m▄[48;5;16;38;5;16m█[48;5;95;38;5;233m▄[48;5;162;38;5;162m▄[48;5;168;38;5;126m▄[48;5;162m▄[48;5;126;38;5;132m▄[38;5;126m▄[48;5;132;38;5;132m▄[48;5;126;38;5;96m▄[48;5;132m▄[48;5;238;38;5;234m▄[48;5;16;38;5;16m█[48;5;232m▄[48;5;238;38;5;234m▄[48;5;96;38;5;97m▄[48;5;97m▄[48;5;97;38;5;67m▄[48;5;67;38;5;67m▄[48;5;67;38;5;67m▄[48;5;67;38;5;66m▄[48;5;67;38;5;66m▄[48;5;66;38;5;73m▄[48;5;66;38;5;73m▄[48;5;233;38;5;238m▄[38;5;232m▄[49;39m    [00m
      [48;5;232;38;5;232m▄[48;5;234;38;5;131m▄[48;5;130;38;5;203m▄[48;5;203;38;5;204m▄[48;5;203;38;5;204m▄[48;5;204;38;5;204m▄[48;5;204m▄[48;5;204;38;5;198m▄[38;5;162m▄[48;5;198m▄[48;5;162;38;5;162m▄[38;5;168m▄[48;5;234;38;5;233m▄[48;5;16;38;5;16m███[48;5;132;38;5;96m▄[38;5;132m▄[48;5;126;38;5;96m▄[48;5;132m▄[48;5;96;38;5;96m▄[38;5;96m▄[48;5;96;38;5;97m▄[48;5;96;38;5;60m▄[48;5;16;38;5;16m███[48;5;232;38;5;232m▄[48;5;60;38;5;60m█[48;5;67;38;5;66m▄[48;5;67;38;5;30m▄[48;5;66;38;5;73m▄[48;5;66;38;5;72m▄[48;5;73;38;5;72m▄[48;5;73;38;5;79m▄[48;5;72;38;5;79m▄[48;5;79;38;5;78m▄[38;5;42m▄[48;5;236;38;5;72m▄[48;5;233;38;5;234m▄[49;39m   [00m
     [48;5;232;38;5;232m▄[48;5;234;38;5;95m▄[48;5;204;38;5;204m▄▄[48;5;204;38;5;198m▄[38;5;162m▄[48;5;198m▄[48;5;162;38;5;162m▄[38;5;162m▄[48;5;162m▄[48;5;168;38;5;126m▄[48;5;162m▄[48;5;132;38;5;96m▄[48;5;232;38;5;232m█[48;5;16;38;5;16m███[48;5;238;38;5;238m█[48;5;96;38;5;96m▄[48;5;96m█[38;5;97m▄[38;5;97m▄[48;5;97;38;5;67m▄[48;5;97;38;5;67m▄[48;5;238;38;5;238m▄[48;5;16;38;5;16m███[48;5;232;38;5;232m█[48;5;66;38;5;59m▄[48;5;73;38;5;72m▄[48;5;72;38;5;79m▄[48;5;72;38;5;78m▄[48;5;79;38;5;78m▄[48;5;79;38;5;42m▄[48;5;78;38;5;42m▄[48;5;42;38;5;85m▄[48;5;42;38;5;84m▄[48;5;85;38;5;84m▄▄[48;5;238;38;5;28m▄[48;5;232;38;5;234m▄[49;39m  [00m
    [38;5;232m▄[48;5;233;38;5;236m▄[48;5;168;38;5;162m▄[48;5;198m▄[48;5;162;38;5;162m▄[38;5;168m▄[48;5;162;38;5;162m▄[48;5;168;38;5;126m▄[48;5;162;38;5;132m▄[48;5;126;38;5;126m▄[38;5;132m▄[48;5;126m▄[38;5;96m▄[48;5;96;38;5;96m▄[48;5;232;38;5;232m█[48;5;16;38;5;16m███[48;5;236;38;5;238m▄[48;5;97;38;5;67m▄[48;5;97;38;5;67m▄[48;5;67;38;5;67m▄[48;5;67;38;5;67m▄[48;5;67;38;5;66m▄[48;5;67;38;5;30m▄[48;5;66;38;5;59m▄[48;5;16;38;5;16m███[48;5;232;38;5;233m▄[48;5;65;38;5;72m▄[48;5;78;38;5;42m▄[48;5;78;38;5;121m▄[48;5;42;38;5;85m▄[48;5;121;38;5;84m▄[48;5;85;38;5;84m▄[48;5;84;38;5;84m▄[48;5;84;38;5;84m▄[48;5;84;38;5;84m▄[48;5;84;38;5;84m▄[48;5;84;38;5;83m▄[48;5;40m▄[48;5;236;38;5;23m▄[48;5;232;38;5;233m▄[49;39m [00m
    [48;5;233;38;5;233m▄[48;5;95;38;5;131m▄[48;5;162;38;5;162m▄[48;5;162;38;5;126m▄[38;5;132m▄[48;5;126;38;5;126m▄[38;5;132m▄[48;5;126m▄[48;5;132;38;5;96m▄[38;5;96m▄[48;5;96;38;5;96m▄[48;5;96m▄[48;5;96;38;5;97m▄[48;5;60m▄[48;5;232;38;5;234m▄[48;5;16;38;5;16m██[38;5;16m▄[48;5;60;38;5;67m▄[48;5;67;38;5;66m▄[48;5;67;38;5;30m▄[48;5;66;38;5;73m▄[48;5;30;38;5;72m▄[48;5;73;38;5;72m▄[48;5;72;38;5;79m▄[48;5;72m▄[48;5;16;38;5;233m▄[38;5;16m██[48;5;234;38;5;234m▄[48;5;78;38;5;121m▄[48;5;84;38;5;84m▄[38;5;84m▄[48;5;84;38;5;84m▄[48;5;84;38;5;84m▄[48;5;84;38;5;84m▄[48;5;84;38;5;83m▄[48;5;84m▄[48;5;83;38;5;83m▄[38;5;83m▄[48;5;83;38;5;83m▄[48;5;83;38;5;83m▄[48;5;71;38;5;77m▄[48;5;234;38;5;234m█[49;39m [00m
   [38;5;233m▄[48;5;233;38;5;233m█[48;5;132;38;5;126m▄[48;5;126;38;5;132m▄[48;5;126;38;5;96m▄[48;5;132m▄[38;5;96m▄[48;5;96;38;5;96m▄[48;5;96m▄[48;5;96;38;5;97m▄▄[48;5;97;38;5;97m▄[48;5;97;38;5;67m▄[38;5;67m▄[48;5;67;38;5;67m▄[48;5;236;38;5;66m▄[48;5;232;38;5;234m▄[48;5;16;38;5;232m▄[48;5;236;38;5;30m▄[48;5;30;38;5;72m▄[48;5;73;38;5;72m▄[48;5;72;38;5;79m▄[48;5;72;38;5;78m▄[48;5;79;38;5;78m▄[48;5;78;38;5;42m▄[48;5;78;38;5;85m▄[48;5;42m▄[48;5;65;38;5;78m▄[48;5;16;38;5;234m▄[38;5;234m▄[48;5;23;38;5;77m▄[48;5;84;38;5;84m▄[48;5;84;38;5;84m▄[48;5;84;38;5;83m▄[38;5;83m▄[48;5;83;38;5;83m▄[38;5;83m▄[48;5;83;38;5;83m▄[48;5;83;38;5;83m▄[48;5;83;38;5;82m▄[48;5;83m▄[48;5;82;38;5;82m▄▄[48;5;83m▄[48;5;23;38;5;58m▄[48;5;233;38;5;233m█[49;39m[00m
   [48;5;16;38;5;16m█[48;5;234;38;5;234m█[48;5;132;38;5;96m▄[48;5;96;38;5;96m▄[48;5;96m▄[48;5;96;38;5;97m▄[38;5;97m▄[48;5;97m▄[38;5;67m▄[48;5;97;38;5;67m▄[48;5;67;38;5;67m▄[48;5;67;38;5;66m▄[48;5;67;38;5;66m▄[48;5;66;38;5;30m▄[48;5;66;38;5;73m▄[48;5;30;38;5;72m▄[48;5;73;38;5;72m▄[48;5;30;38;5;79m▄[48;5;72;38;5;78m▄[48;5;79;38;5;78m▄[48;5;78;38;5;42m▄[48;5;78;38;5;85m▄[48;5;42m▄[48;5;85;38;5;84m▄[38;5;84m▄[48;5;84;38;5;84m▄[48;5;84;38;5;84m▄[48;5;84;38;5;84m▄[48;5;77m▄[38;5;83m▄[48;5;84;38;5;83m▄[48;5;83;38;5;83m▄[48;5;83;38;5;83m▄[48;5;83;38;5;83m▄[48;5;83;38;5;83m▄[48;5;83;38;5;82m▄[48;5;83m▄[48;5;82;38;5;82m▄▄[48;5;82m██[38;5;118m▄▄[48;5;118;38;5;118m▄[48;5;58;38;5;58m▄[48;5;234;38;5;234m▄[49;39m[00m
   [48;5;16;38;5;232m▄[48;5;233;38;5;233m█[48;5;96;38;5;97m▄[48;5;97m▄[48;5;97;38;5;67m▄[38;5;67m▄[48;5;67;38;5;67m▄[48;5;67;38;5;238m▄[38;5;238m▄[48;5;66;38;5;30m▄[48;5;66;38;5;73m▄[48;5;30;38;5;72m▄[48;5;73;38;5;79m▄[48;5;72;38;5;79m▄[48;5;72;38;5;78m▄[48;5;79;38;5;78m▄[48;5;78;38;5;42m▄[48;5;78;38;5;85m▄[48;5;42m▄[48;5;85;38;5;84m▄[48;5;84m▄[38;5;84m▄[48;5;84;38;5;84m▄[48;5;84;38;5;84m▄[48;5;84m▄[48;5;84;38;5;83m▄[38;5;83m▄[48;5;83;38;5;83m▄[48;5;83;38;5;83m▄[48;5;83;38;5;83m▄[48;5;83;38;5;83m▄[48;5;83;38;5;82m▄[48;5;83;38;5;82m▄[48;5;82m▄[48;5;82m███[38;5;64m▄[48;5;118;38;5;58m▄[38;5;83m▄[38;5;118m▄[48;5;118;38;5;118m▄[38;5;154m▄[48;5;154;38;5;154m▄[48;5;58;38;5;58m▄[48;5;233;38;5;236m▄[49;39m[00m
    [48;5;233;38;5;233m▄[48;5;67;38;5;66m▄[48;5;67;38;5;66m▄[48;5;67;38;5;30m▄[48;5;66;38;5;73m▄[48;5;66;38;5;72m▄[48;5;236;38;5;238m▄[38;5;234m▄[48;5;72;38;5;72m▄[48;5;79;38;5;78m▄[48;5;79;38;5;42m▄[48;5;78;38;5;42m▄[48;5;42;38;5;85m▄[48;5;42;38;5;84m▄[48;5;85;38;5;84m▄[48;5;84;38;5;84m▄[38;5;84m▄[48;5;84;38;5;84m▄[48;5;84;38;5;84m▄[48;5;84;38;5;83m▄[48;5;84m▄[38;5;83m▄[48;5;83;38;5;83m▄[48;5;83;38;5;83m▄[48;5;83;38;5;83m▄[48;5;83m▄[48;5;83;38;5;82m▄[38;5;82m▄[48;5;82m▄[48;5;82m███[38;5;118m▄▄[48;5;118;38;5;118m▄[48;5;83;38;5;76m▄[48;5;58;38;5;235m▄[38;5;58m▄[48;5;76;38;5;154m▄[48;5;154;38;5;154m▄[38;5;154m▄[48;5;154;38;5;190m▄[48;5;190;38;5;191m▄[48;5;58;38;5;235m▄[48;5;232;38;5;234m▄[49;39m[00m
    [48;5;233;38;5;232m▄[48;5;66;38;5;238m▄[48;5;73;38;5;72m▄[48;5;72;38;5;79m▄[48;5;72;38;5;79m▄[48;5;79;38;5;78m▄[48;5;65;38;5;36m▄[48;5;232;38;5;234m▄[48;5;65;38;5;65m▄[48;5;85;38;5;85m█[38;5;84m▄[48;5;84;38;5;84m▄[48;5;84;38;5;84m▄[48;5;84;38;5;84m▄[48;5;84;38;5;84m▄[48;5;84;38;5;83m▄[48;5;84m▄[48;5;83;38;5;83m▄[38;5;83m▄[48;5;83;38;5;83m▄[48;5;83;38;5;83m▄[48;5;83;38;5;82m▄[48;5;83m▄[48;5;82;38;5;82m▄▄[48;5;82m███[38;5;118m▄[38;5;118m▄[48;5;118m▄[38;5;118m▄[48;5;118;38;5;118m▄[48;5;118;38;5;154m▄[48;5;118;38;5;154m▄[48;5;106;38;5;64m▄[48;5;233;38;5;233m▄[48;5;64;38;5;106m▄[48;5;190;38;5;190m▄[48;5;190m▄[38;5;190m▄[48;5;190;38;5;226m▄[48;5;142;38;5;100m▄[48;5;233;38;5;233m█[49;39m [00m
    [38;5;232m▀[48;5;236;38;5;234m▄[48;5;78;38;5;36m▄[48;5;78;38;5;85m▄[48;5;42m▄[48;5;121;38;5;84m▄▄[48;5;23;38;5;71m▄[48;5;234;38;5;16m▄[48;5;35;38;5;28m▄[48;5;84;38;5;84m▄[48;5;84;38;5;83m▄[48;5;84m▄[48;5;83;38;5;83m▄[38;5;83m▄[48;5;83;38;5;83m▄[48;5;83;38;5;83m▄[48;5;83;38;5;82m▄[48;5;83m▄[48;5;82;38;5;82m▄▄[48;5;82m███[38;5;118m▄[38;5;118m▄[48;5;118m▄[48;5;118;38;5;118m▄[38;5;118m▄[48;5;118;38;5;154m▄[48;5;118m▄[48;5;154;38;5;154m▄[38;5;154m▄[48;5;154;38;5;190m▄[48;5;148;38;5;100m▄[48;5;58;38;5;16m▄[48;5;58;38;5;100m▄[48;5;191;38;5;226m▄[48;5;190m▄[48;5;226m▄[48;5;226m█[38;5;185m▄[48;5;58;38;5;235m▄[48;5;232;38;5;234m▄[49;39m [00m
     [48;5;233;38;5;16m▄[48;5;65;38;5;236m▄[48;5;85;38;5;42m▄[48;5;84;38;5;84m▄[48;5;84;38;5;84m▄[48;5;84;38;5;84m▄[38;5;83m▄[48;5;23;38;5;71m▄[48;5;234;38;5;233m▄[48;5;77;38;5;58m▄[48;5;83;38;5;40m▄[48;5;83;38;5;83m▄[48;5;83;38;5;82m▄[48;5;83m▄[48;5;82;38;5;82m▄▄[48;5;82m███[38;5;118m▄[38;5;118m▄[48;5;118m▄[48;5;118;38;5;118m▄[38;5;118m▄[48;5;118;38;5;154m▄[48;5;118;38;5;154m▄[48;5;154;38;5;154m▄[48;5;154;38;5;154m▄[48;5;154;38;5;190m▄[48;5;190m▄[48;5;190;38;5;190m▄[48;5;190;38;5;226m▄[48;5;148;38;5;101m▄[48;5;58;38;5;16m▄[48;5;58;38;5;100m▄[48;5;184;38;5;226m▄[48;5;226;38;5;227m▄[48;5;226;38;5;220m▄[48;5;227;38;5;220m▄[38;5;178m▄[48;5;100;38;5;58m▄[48;5;233;38;5;233m▄[49;39m  [00m
      [48;5;232;38;5;16m▄[48;5;23;38;5;235m▄[48;5;84;38;5;77m▄[48;5;83;38;5;83m▄[38;5;83m▄[48;5;83;38;5;83m▄[48;5;83;38;5;83m▄[48;5;65;38;5;83m▄[48;5;16;38;5;58m▄[48;5;64;38;5;16m▄[48;5;83;38;5;64m▄[48;5;82;38;5;83m▄[38;5;82m██[38;5;118m▄[38;5;118m▄[48;5;118m▄[48;5;118;38;5;118m▄[38;5;118m▄[48;5;118;38;5;154m▄[48;5;118;38;5;154m▄[48;5;154;38;5;154m▄[48;5;154;38;5;190m▄[48;5;154;38;5;190m▄[48;5;190;38;5;190m▄[48;5;190;38;5;190m▄[48;5;190m▄[48;5;190;38;5;226m▄[38;5;226m▄[48;5;226;38;5;100m▄[48;5;100;38;5;16m▄[48;5;16;38;5;58m▄[48;5;58;38;5;184m▄[48;5;227;38;5;220m▄[48;5;220;38;5;220m▄[48;5;220;38;5;221m▄[48;5;220;38;5;214m▄[38;5;172m▄[48;5;137;38;5;235m▄[48;5;233;38;5;232m▄[49;39m   [00m
       [38;5;16m▀[48;5;58;38;5;16m▄[48;5;40;38;5;65m▄[48;5;83;38;5;82m▄[48;5;82;38;5;82m▄▄[48;5;82m█[48;5;83m▄[48;5;58;38;5;118m▄[48;5;16;38;5;64m▄[48;5;58;38;5;233m▄[48;5;76;38;5;233m▄[48;5;118;38;5;58m▄[38;5;112m▄[48;5;118;38;5;154m▄[48;5;118m▄[48;5;154;38;5;154m▄[48;5;154;38;5;190m▄[48;5;154;38;5;190m▄[48;5;190;38;5;190m▄[48;5;190;38;5;190m▄[48;5;190;38;5;226m▄[48;5;190;38;5;226m▄[48;5;226;38;5;184m▄[48;5;226;38;5;185m▄[48;5;226;38;5;101m▄[48;5;185;38;5;233m▄[48;5;58m▄[48;5;16;38;5;137m▄[48;5;58;38;5;220m▄[48;5;178;38;5;220m▄[48;5;220;38;5;214m▄[48;5;221;38;5;214m▄[48;5;214;38;5;214m▄[48;5;214;38;5;208m▄[48;5;214;38;5;94m▄[48;5;58;38;5;16m▄[49;38;5;232m▀[39m    [00m
        [38;5;233m▀[48;5;233m▄[48;5;64;38;5;233m▄[48;5;82;38;5;64m▄[38;5;118m▄[38;5;118m▄[48;5;118m▄[48;5;118;38;5;118m▄[48;5;118;38;5;154m▄[48;5;112m▄[48;5;58;38;5;154m▄[48;5;233;38;5;148m▄[48;5;16;38;5;100m▄[48;5;235;38;5;58m▄[48;5;65;38;5;235m▄[48;5;100;38;5;233m▄[48;5;142;38;5;233m▄[38;5;232m▄▄[38;5;233m▄[48;5;100;38;5;233m▄[48;5;58;38;5;234m▄[48;5;235;38;5;58m▄[48;5;16;38;5;137m▄[48;5;233;38;5;136m▄[48;5;58;38;5;220m▄[48;5;136;38;5;214m▄[48;5;220;38;5;214m▄[48;5;214;38;5;208m▄[48;5;214;38;5;208m▄[48;5;208;38;5;208m▄[48;5;208;38;5;208m▄[48;5;208;38;5;130m▄[48;5;130;38;5;233m▄[48;5;233;38;5;232m▄[49;38;5;233m▀[39m     [00m
          [38;5;233m▀[48;5;233;38;5;232m▄[48;5;64;38;5;16m▄[48;5;118;38;5;58m▄[48;5;154;38;5;148m▄[38;5;154m▄[48;5;154;38;5;190m▄[48;5;154m▄[48;5;190;38;5;190m▄[48;5;190;38;5;190m▄[48;5;190;38;5;226m▄[48;5;226;38;5;226m▄[48;5;184m▄[48;5;185m▄[48;5;142m▄[38;5;227m▄[48;5;100m▄[48;5;142;38;5;220m▄[48;5;185;38;5;220m▄[48;5;220;38;5;221m▄[48;5;220;38;5;214m▄[48;5;220;38;5;214m▄[48;5;214;38;5;208m▄[48;5;214;38;5;208m▄[48;5;208;38;5;208m▄[48;5;208;38;5;208m▄[48;5;208;38;5;208m▄[48;5;208;38;5;166m▄[48;5;208;38;5;58m▄[48;5;94;38;5;16m▄[48;5;16;38;5;233m▄[49;38;5;232m▀[39m       [00m
             [38;5;16m▀[48;5;235m▄[48;5;100m▄[48;5;191;38;5;101m▄[48;5;190;38;5;226m▄[48;5;226m▄[48;5;226;38;5;226m▄[38;5;227m▄[48;5;226m▄[48;5;227;38;5;220m▄[38;5;220m▄[48;5;220;38;5;220m▄[48;5;220;38;5;214m▄[48;5;220;38;5;214m▄[48;5;214;38;5;214m▄[48;5;214;38;5;208m▄[48;5;214;38;5;208m▄[48;5;208;38;5;208m▄[48;5;208;38;5;208m▄[48;5;208;38;5;208m▄[48;5;208;38;5;166m▄[48;5;208;38;5;130m▄[48;5;166;38;5;234m▄[48;5;130;38;5;232m▄[48;5;234m▄[49;38;5;16m▀[38;5;234m▀[39m         [00m
               [38;5;16m▀[48;5;235;38;5;233m▄[48;5;185;38;5;185m█[48;5;226;38;5;220m▄[48;5;220;38;5;220m▄[38;5;178m▄[48;5;178;38;5;58m▄[38;5;58m▄[38;5;58m▄[48;5;214;38;5;58m▄[48;5;214m▄[48;5;208;38;5;58m▄[48;5;208;38;5;58m▄[48;5;172;38;5;58m▄[48;5;166;38;5;234m▄[48;5;130;38;5;233m▄[48;5;130;38;5;16m▄[48;5;58;38;5;232m▄[48;5;233m▄[49m▀▀[39m             [00m
               [38;5;233m▀[48;5;233;38;5;16m▄[48;5;178;38;5;94m▄[48;5;220;38;5;214m▄[48;5;221;38;5;214m▄[48;5;94;38;5;58m▄[48;5;16;38;5;234m▄[49;38;5;16m▀[38;5;232m▀[38;5;16m▀▀▀[38;5;232m▀▀▀[39m                   [00m
                [38;5;232m▀[48;5;234m▄[48;5;58;38;5;234m▄[38;5;233m▄[48;5;233;38;5;234m▄[49m▀[39m                           [00m
                                                 [00m
