

   [48;5;231;38;5;231m██████████████████████████████████████████████████[49;39m[00m
   [48;5;231;38;5;231m█████████████[38;5;16m▄▄▄▄▄▄▄[48;5;16m██████████[48;5;231m▄▄▄▄▄▄▄▄[38;5;231m████████████[49;39m[00m
   [48;5;231;38;5;231m█████████[38;5;16m▄▄▄▄[48;5;16m█████████████████████████[48;5;231m▄▄▄[38;5;231m█████████[49;39m[00m
   [48;5;231;38;5;231m████████[48;5;16;38;5;16m██████████████████████████████████[48;5;231;38;5;231m████████[49;39m[00m
   [48;5;231;38;5;231m██████[48;5;16;38;5;16m██████████████████████████████████████[48;5;231;38;5;231m██████[49;39m[00m
   [48;5;231;38;5;231m█████[38;5;16m▄[48;5;16m██████████████████████████████████████[48;5;231m▄[38;5;231m█████[49;39m[00m
   [48;5;231;38;5;231m█████[48;5;16;38;5;16m████████[38;5;221m▄▄▄▄▄▄▄▄▄▄[38;5;16m███████████[38;5;221m▄▄▄▄[38;5;16m███████[48;5;231;38;5;231m█████[49;39m[00m
   [48;5;231;38;5;231m███[48;5;16;38;5;16m████████[48;5;221;38;5;221m█████████████████[48;5;16;38;5;16m█████[48;5;221;38;5;221m██████[48;5;16;38;5;16m████████[48;5;231;38;5;231m███[49;39m[00m
   [48;5;231;38;5;231m███[48;5;16;38;5;16m████████[48;5;221;38;5;221m████████████████████████████[48;5;16;38;5;16m████████[48;5;231;38;5;231m███[49;39m[00m
   [48;5;231;38;5;231m███[48;5;16;38;5;16m██████[38;5;221m▄▄[48;5;221m██[38;5;208m▄▄▄▄▄▄[38;5;221m████████████[38;5;208m▄▄▄▄▄▄▄[38;5;221m█[48;5;16m▄▄[38;5;16m██████[48;5;231;38;5;231m███[49;39m[00m
   [48;5;231;38;5;231m███[48;5;16;38;5;16m██████[48;5;221;38;5;221m████[48;5;16;38;5;16m███████[48;5;221;38;5;221m██████████[48;5;16;38;5;16m████████[48;5;221;38;5;221m███[48;5;16;38;5;16m██████[48;5;231;38;5;231m███[49;39m[00m
   [48;5;231;38;5;231m█████[48;5;16;38;5;16m█[48;5;221;38;5;221m██[48;5;16m▄[48;5;221;38;5;16m▄▄[48;5;16;38;5;231m▄▄[48;5;208;38;5;221m▄▄▄▄▄▄[48;5;221m█[48;5;16m▄▄[48;5;221;38;5;16m▄▄▄▄▄▄[48;5;16;38;5;221m▄▄[48;5;221m█[48;5;208m▄▄▄▄▄▄▄[48;5;16;38;5;231m▄[48;5;221;38;5;16m▄▄[48;5;16;38;5;221m▄[48;5;221m██[48;5;16;38;5;16m█[48;5;231;38;5;231m█████[49;39m[00m
   [48;5;231;38;5;231m█████[48;5;16;38;5;16m█[48;5;221;38;5;221m███[48;5;16;38;5;16m██[48;5;231;38;5;231m██[48;5;221;38;5;221m█[38;5;231m▄[38;5;16m▄▄▄[38;5;231m▄[38;5;221m███[48;5;16;38;5;16m█[38;5;221m▄▄▄▄[38;5;16m█[48;5;221;38;5;221m███[38;5;231m▄[38;5;16m▄▄▄[38;5;231m▄[38;5;221m██[48;5;231;38;5;231m█[48;5;16;38;5;16m██[48;5;221;38;5;221m███[48;5;16;38;5;16m█[48;5;231;38;5;231m█████[49;39m[00m
   [48;5;231;38;5;231m█████[48;5;16;38;5;16m█[48;5;221;38;5;221m███[48;5;16;38;5;16m██[48;5;231;38;5;231m██[48;5;221;38;5;221m█[48;5;231;38;5;231m█[48;5;16;38;5;16m███[48;5;231;38;5;231m█[48;5;221;38;5;221m███[48;5;16;38;5;16m█[48;5;221;38;5;221m████[48;5;16;38;5;16m█[48;5;221;38;5;221m███[48;5;231;38;5;231m█[48;5;16;38;5;16m███[48;5;231;38;5;231m█[48;5;221;38;5;221m██[48;5;231;38;5;231m█[48;5;16;38;5;16m██[48;5;221;38;5;221m███[48;5;16;38;5;16m█[48;5;231;38;5;231m█████[49;39m[00m
   [48;5;231;38;5;231m█████[48;5;16;38;5;16m█[48;5;221;38;5;221m███[48;5;16;38;5;16m██[48;5;231;38;5;231m██[48;5;221;38;5;221m███████[48;5;16;38;5;16m███[48;5;221;38;5;221m████[48;5;16;38;5;16m███[48;5;221;38;5;221m████████[48;5;231;38;5;231m█[48;5;16;38;5;16m██[48;5;221;38;5;221m███[48;5;16;38;5;16m█[48;5;231;38;5;231m█████[49;39m[00m
   [48;5;231;38;5;231m██████[48;5;16m▄▄[38;5;16m█[48;5;221;38;5;221m██[48;5;16m▄▄[48;5;231;38;5;16m▄▄▄▄▄▄[48;5;16;38;5;221m▄[48;5;221m██[48;5;16m▄[48;5;221m████[48;5;16m▄[48;5;221m██[48;5;16m▄[48;5;231;38;5;16m▄▄▄▄▄▄▄[48;5;16;38;5;221m▄[48;5;221m██[48;5;16;38;5;16m█[38;5;231m▄▄[48;5;231m██████[49;39m[00m
   [48;5;231;38;5;231m███[38;5;16m▄▄▄▄▄[48;5;16m█[48;5;221;38;5;221m████[48;5;16m▄▄▄▄▄▄[48;5;221m█[38;5;16m▄▄[38;5;221m██████[38;5;16m▄▄[38;5;221m█[48;5;16m▄▄▄▄▄▄▄[48;5;221m███[48;5;16;38;5;16m█[48;5;231m▄▄▄▄▄[38;5;231m███[49;39m[00m
   [48;5;16;38;5;16m███[48;5;21;38;5;21m██[48;5;16;38;5;16m█[48;5;21;38;5;21m██[48;5;16;38;5;16m█[48;5;221;38;5;221m█████████████[48;5;16;38;5;16m██████[48;5;221;38;5;221m█████████████[48;5;16;38;5;16m█[48;5;21;38;5;21m██[48;5;16;38;5;16m█[48;5;21;38;5;21m██[48;5;16;38;5;16m███[49;39m[00m
   [48;5;21;38;5;21m█████[48;5;16;38;5;16m█[48;5;21;38;5;21m███[48;5;16;38;5;16m██[48;5;221;38;5;221m██[48;5;16;38;5;16m█[48;5;221;38;5;221m███[48;5;16;38;5;16m██[48;5;221;38;5;221m████████████[48;5;16;38;5;16m██[48;5;221;38;5;221m███[48;5;16;38;5;16m██[48;5;221;38;5;221m█[48;5;16;38;5;16m██[48;5;21;38;5;21m███[48;5;16;38;5;16m█[48;5;21;38;5;21m█████[49;39m[00m
   [48;5;21;38;5;21m█████[48;5;16;38;5;16m█[48;5;21;38;5;21m███[48;5;16m▄▄[48;5;221;38;5;16m▄▄[38;5;221m█[48;5;16;38;5;16m██[48;5;221;38;5;221m███[48;5;16m▄▄▄▄▄▄▄▄▄▄▄▄[48;5;221m███[48;5;16;38;5;16m██[48;5;221;38;5;221m██[38;5;16m▄[48;5;16;38;5;21m▄▄[48;5;21m███[48;5;16;38;5;16m█[48;5;21;38;5;21m█████[49;39m[00m
   [48;5;21;38;5;21m███[38;5;16m▄▄[48;5;16;38;5;21m▄[48;5;21m█████[48;5;16m▄▄[48;5;221;38;5;16m▄[48;5;16m██[48;5;221;38;5;221m██████[38;5;16m▄▄▄▄▄▄[38;5;221m██████[48;5;16;38;5;16m██[48;5;221m▄▄[48;5;16;38;5;21m▄[48;5;21m█████[48;5;16m▄[48;5;21;38;5;16m▄▄[38;5;21m███[49;39m[00m
   [48;5;21;38;5;21m███[48;5;16;38;5;16m██[48;5;21;38;5;21m██████[48;5;16;38;5;16m██[48;5;231;38;5;231m█[48;5;16;38;5;16m██[48;5;221;38;5;221m██████████████████[48;5;16;38;5;16m██[48;5;231;38;5;231m██[48;5;16;38;5;16m█[48;5;21;38;5;21m██████[48;5;16;38;5;16m██[48;5;21;38;5;21m███[49;39m[00m
   [48;5;21;38;5;21m███[48;5;16m▄▄[48;5;21;38;5;16m▄[38;5;21m█████[48;5;16;38;5;16m██[48;5;231;38;5;231m███[48;5;16m▄[48;5;221;38;5;16m▄▄▄▄▄▄▄▄▄▄▄▄▄▄▄▄[48;5;16;38;5;231m▄[48;5;231m████[48;5;16;38;5;16m█[48;5;21;38;5;21m█████[38;5;16m▄[48;5;16;38;5;21m▄▄[48;5;21m███[49;39m[00m
   [48;5;21;38;5;21m███[38;5;16m▄▄[48;5;16m█[48;5;21m▄▄[38;5;21m███[48;5;16;38;5;16m██[48;5;231;38;5;231m████[48;5;16m▄▄▄▄▄▄[38;5;16m████[38;5;231m▄▄▄▄▄▄[48;5;231m█████[48;5;16;38;5;16m█[48;5;21;38;5;21m███[38;5;16m▄▄[48;5;16m█[48;5;21m▄▄[38;5;21m███[49;39m[00m
   [48;5;21;38;5;21m██[48;5;16;38;5;16m███████[48;5;21;38;5;21m██[48;5;16;38;5;16m██[48;5;231;38;5;231m██████████[48;5;16;38;5;16m████[48;5;231;38;5;231m███████████[48;5;16;38;5;16m█[48;5;21;38;5;21m██[48;5;16;38;5;16m███████[48;5;21;38;5;21m██[49;39m[00m
                                                     [00m
